0.79
1.40
1.30
0.46
1.56
1.82
1.25
1.79
1.08
1.13
1.66
1.64
1.73
1.28
0.88
1.59
1.69
1.28
1.44
1.57
1.70
1.55
1.67
1.54
0.55
1.65
1.83
1.37
1.32
0.97
1.91
1.70
1.00
1.25
0.63
1.66
1.50
1.51
1.21
1.64
1.60
1.48
1.31
1.56
1.59
1.48
1.30
1.39
1.64
1.17
0.62
1.36
1.67
2.02
1.36
1.21
1.78
1.40
1.97
1.43
1.33
1.84
1.09
1.13
0.90
0.92
1.27
0.72
1.12
0.67
1.33
1.43
1.73
1.32
1.55
1.71
1.64
1.50
1.56
1.43
1.12
2.08
1.51
2.05
1.12
1.13
1.58
0.68
1.19
0.95
1.46
1.95
1.54
1.38
1.40
1.67
0.30
1.09
1.76
1.47
1.57
1.52
1.62
0.55
1.41
1.64
1.66
1.56
1.57
1.52
1.93
1.48
1.18
1.71
1.18
1.56
1.35
1.58
1.65
1.35
1.13
1.23
1.31
1.43
1.58
1.92
1.89
1.48
1.45
1.95
1.18
1.38
1.68
1.87
1.92
1.38
1.59
1.58
1.89
1.77
1.37
1.38
1.51
1.60
1.94
1.81
1.21
1.89
1.47
1.51
1.58
1.57
1.36
1.84
1.22
1.58
1.91
1.19
1.94
1.46
1.15
1.72
1.84
1.99
1.51
1.44
0.78
1.25
1.43
1.68
1.71
1.86
1.10
1.90
1.56
2.00
1.49
1.40
0.59
1.50
1.48
1.94
1.23
1.93
1.34
1.54
1.75
1.92
1.77
1.87
1.81
1.62
2.20
1.51
1.41
1.66
1.99
1.64
1.57
1.76
1.22
0.79
1.04
0.75
1.50
1.71
1.45
0.86
1.46
1.49
1.12
0.88
1.21
0.96
1.65
1.32
1.07
1.54
1.34
0.84
1.64
1.12
1.26
0.00
1.66
1.58
0.00
1.45
0.53
1.37
1.06
0.58
1.78
1.94
1.62
1.93
1.59
1.46
0.00
1.31
1.40
1.06
1.38
1.66
1.70
1.35
1.50
0.84
0.57
0.73
1.38
1.98
1.65
1.40
1.61
1.21
1.71
1.28
1.64
1.36
1.36
1.68
1.27
1.49
1.45
1.45
1.93
1.36
1.05
0.00
1.47
0.88
1.65
1.82
1.69
1.47
1.55
1.33
1.69
0.54
1.16
1.44
1.40
1.57
1.50
1.72
1.88
1.51
1.26
1.38
1.43
1.71
1.35
1.13
1.73
1.44
1.20
0.33
1.27
1.20
0.80
1.24
1.59
0.95
1.67
1.36
1.33
1.28
1.82
1.27
0.80
1.57
1.20
1.51
1.44
1.79
0.91
0.97
0.00
1.99
0.88
1.38
1.01
1.69
1.62
1.53
1.27
1.22
1.52
1.49
1.18
1.80
1.26
1.41
1.63
1.87
1.87
1.43
1.85
1.34
0.87
1.27
1.65
1.72
1.65
0.36
1.61
1.33
0.60
1.44
1.66
1.31
0.87
1.07
1.51
1.51
1.68
1.23
1.82
1.54
1.71
1.42
0.95
1.19
1.40
1.55
1.78
1.65
1.51
1.65
1.94
1.20
1.22
1.52
1.62
1.91
1.33
1.47
1.49
1.26
1.16
1.66
1.80
1.02
1.36
1.34
1.34
1.33
2.01
1.55
1.47
1.80
1.97
1.67
0.99
1.57
1.25
1.33
1.43
1.46
1.95
1.42
1.34
1.38
1.42
1.37
1.39
1.07
1.85
1.66
1.37
1.03
1.53
1.82
1.89
1.79
1.87
1.72
1.55
1.34
1.18
1.50
1.89
1.71
1.37
1.38
1.22
1.74
2.00
1.44
1.78
1.60
1.85
1.73
1.19
1.81
1.82
1.74
1.01
1.29
1.13
1.32
1.92
1.76
1.58
1.44
1.52
1.58
2.02
1.31
1.29
1.81
0.97
1.13
1.92
1.36
1.72
1.53
1.47
1.74
2.01
1.69
1.71
1.25
1.71
1.47
1.81
1.90
1.74
1.25
1.43
1.18
1.80
1.47
0.84
1.70
1.60
1.79
1.42
1.30
1.62
1.33
1.28
1.84
1.18
1.70
1.43
0.36
0.60
1.95
1.87
1.44
1.71
1.73
1.54
1.54
1.66
1.95
1.78
1.66
1.58
1.20
1.12
1.07
0.84
1.68
1.84
1.60
1.31
1.38
1.49
1.35
1.73
1.22
1.78
1.51
1.25
1.42
1.56
1.48
1.65
1.86
1.53
1.78
1.65
1.19
1.90
1.60
1.64
1.63
1.76
1.33
1.32
1.70
0.96
1.51
1.55
1.19
1.61
1.60
1.59
1.43
1.59
1.49
1.10
1.14
1.62
1.42
1.47
1.55
1.45
1.10
1.32
1.93
1.34
1.76
1.63
1.45
1.56
1.54
1.52
1.58
1.28
1.97
1.06
1.39
0.57
1.34
1.40
2.02
1.67
1.80
1.35
1.74
1.67
1.67
1.55
1.51
1.87
1.79
1.83
1.97
1.89
1.70
1.46
1.77
1.50
1.73
1.70
1.48
1.36
1.63
1.32
0.43
1.37
1.75
1.41
1.37
0.00
1.11
1.03
0.58
0.83
0.98
1.15
1.76
1.55
1.49
1.81
0.87
1.26
1.73
1.35
1.46
1.42
1.06
1.39
1.71
1.17
1.44
1.47
1.26
1.47
1.22
1.11
0.50
1.24
1.42
1.53
1.63
1.46
1.61
1.34
1.17
1.27
1.16
1.72
0.38
1.59
1.43
1.58
1.72
1.62
1.82
1.60
1.46
1.07
1.62
1.13
0.80
0.67
1.66
1.07
1.48
1.81
1.19
1.08
1.63
1.68
0.91
1.56
1.42
1.49
1.53
1.50
0.98
1.20
1.51
2.10
1.44
1.44
1.53
0.00
1.71
0.71
1.86
1.07
0.91
1.49
1.63
1.35
1.12
1.46
1.49
0.80
1.64
1.28
1.92
1.20
1.86
1.46
1.70
1.60
1.54
1.39
1.45
2.05
1.47
1.23
1.35
1.46
1.49
1.26
1.36
1.47
1.16
1.39
1.74
1.67
1.27
1.72
1.85
2.03
1.61
1.65
1.36
1.51
1.38
1.69
1.35
1.36
1.85
1.82
1.56
1.99
1.62
1.78
1.47
1.47
1.76
1.68
1.53
1.84
1.58
1.12
1.55
1.60
1.48
2.21
1.15
1.77
1.62
1.57
1.49
1.46
1.55
1.41
1.72
1.52
1.36
1.57
1.75
1.13
1.51
1.47
1.72
1.86
1.64
1.65
1.54
1.38
1.75
1.61
1.63
0.96
1.12
1.57
1.16
1.52
1.26
1.28
1.82
1.57
1.20
1.37
1.38
1.42
2.10
1.62
1.38
1.80
1.58
1.67
1.58
1.18
1.67
1.65
1.39
1.61
1.36
1.50
1.78
1.44
1.73
1.62
1.68
1.59
1.18
1.68
1.56
1.49
1.66
1.38
1.48
1.71
1.61
1.36
1.80
1.83
1.86
1.92
1.88
1.39
1.60
1.59
1.36
1.85
1.19
1.47
1.43
1.88
1.89
2.09
1.62
2.04
1.70
2.14
1.45
1.67
1.69
1.68
1.67
1.42
1.48
1.69
2.10
1.56
1.85
1.50
1.55
1.58
1.56
1.33
1.13
1.29
1.69
1.60
1.18
1.56
1.14
1.39
1.45
0.99
1.57
1.91
1.45
1.59
1.61
1.92
1.57
1.57
1.52
1.59
1.41
1.26
1.27
1.81
1.70
1.74
1.76
1.24
1.85
1.90
1.29
1.55
1.81
1.32
1.14
1.25
1.37
1.50
1.12
1.28
1.23
1.56
1.87
1.21
1.35
0.99
1.33
1.63
1.14
1.85
1.71
1.38
1.38
1.39
1.21
0.94
1.47
1.47
1.76
1.48
1.14
0.59
1.30
1.38
1.49
1.22
1.70
1.84
1.91
1.35
1.52
1.39
0.42
1.58
1.14
1.13
1.39
1.57
1.68
1.13
1.11
1.42
1.78
1.14
1.88
1.25
1.73
1.85
1.39
1.52
1.60
0.93
1.77
1.25
1.64
1.57
1.74
1.67
1.24
1.62
1.45
1.65
1.57
1.24
1.43
1.24
1.62
1.76
1.57
1.63
1.55
1.62
1.50
1.08
1.72
1.68
1.41
1.51
1.36
1.68
1.12
1.36
1.66
1.20
1.42
1.77
1.46
1.58
1.78
1.44
1.42
1.46
1.69
0.98
1.34
1.67
1.46
1.48
1.26
1.55
1.49
1.89
1.40
1.54
1.56
1.58
1.68
1.59
1.70
1.81
1.49
1.77
1.66
1.52
0.98
1.45
1.61
0.94
1.47
1.61
2.01
1.56
0.71
1.48
1.57
1.86
1.69
1.36
1.54
1.44
1.76
0.29
1.90
2.15
1.82
1.93
2.06
1.61
2.09
2.09
1.50
1.74
2.04
2.03
2.16
1.80
0.97
1.96
1.71
1.72
1.80
1.83
1.77
1.80
2.08
1.83
1.58
1.74
1.47
1.49
1.99
1.97
1.81
1.82
1.86
1.39
1.81
1.68
1.85
1.76
1.82
1.90
1.71
1.93
1.81
1.17
2.09
2.04
1.68
1.79
2.04
1.92
1.80
1.48
1.76
1.87
1.61
1.94
1.96
1.41
1.69
1.99
1.86
1.81
2.30
1.86
1.81
1.54
1.82
1.97
1.12
1.58
2.02
1.90
1.84
2.03
1.72
1.38
1.58
1.68
1.15
0.71
1.56
1.53
1.69
2.05
1.58
1.72
1.99
1.49
1.77
1.93
2.52
1.45
1.80
1.57
1.86
1.58
1.71
2.14
1.79
1.30
1.71
1.44
1.39
1.82
1.53
1.90
2.12
1.95
1.76
1.16
1.68
1.62
1.92
1.57
1.40
1.03
1.71
1.92
1.78
1.63
1.63
1.77
1.73
1.49
1.86
1.72
1.75
1.60
1.70
1.45
1.59
1.88
1.74
1.83
1.78
1.81
1.90
1.70
1.84
1.92
1.78
1.45
1.78
2.00
1.69
1.83
1.56
1.59
1.71
1.92
1.91
2.47
1.93
1.24
1.46
1.74
2.08
1.64
1.80
2.02
1.49
1.90
1.99
1.86
1.87
1.49
1.01
1.43
1.75
1.75
1.50
0.83
1.41
1.89
1.46
1.62
2.05
1.74
1.86
1.48
1.81
1.61
1.41
1.69
2.07
1.99
1.96
1.29
1.68
1.48
1.86
1.75
1.74
1.78
1.15
1.77
1.60
1.85
2.11
2.03
1.96
1.90
1.56
1.56
1.88
1.87
1.78
1.70
1.82
2.03
1.46
1.91
1.85
1.84
1.82
2.01
1.82
1.81
1.82
1.86
1.61
1.99
1.98
1.67
1.70
1.99
1.79
1.72
1.63
1.41
1.82
1.51
1.50
1.54
1.49
1.83
2.05
1.74
2.04
1.97
1.70
1.60
1.45
1.92
2.12
1.31
1.97
2.02
1.70
1.86
1.82
1.98
1.86
1.93
2.02
1.67
1.71
1.80
1.97
1.81
1.56
1.25
1.35
1.94
1.64
1.66
1.64
1.82
1.60
1.89
1.74
1.46
1.59
1.57
1.80
1.90
1.81
1.93
1.71
2.11
1.71
1.57
1.64
1.90
1.76
2.21
1.73
1.59
1.95
1.60
1.60
1.70
1.94
1.66
1.36
1.68
1.84
2.01
2.24
1.72
1.75
1.86
1.85
1.71
1.90
1.91
2.28
1.51
1.86
1.69
1.53
1.76
1.66
1.75
1.87
1.74
1.78
1.64
1.65
1.64
1.69
1.86
1.97
1.77
1.64
1.88
1.80
1.74
1.76
1.50
1.64
2.12
1.91
1.70
1.54
1.48
2.19
1.70
1.80
1.97
1.62
1.61
1.71
1.38
1.54
1.32
1.81
1.91
2.05
2.04
1.88
1.98
1.86
1.66
1.92
1.68
1.81
1.92
1.98
1.67
1.67
1.95
1.88
1.96
1.65
1.67
1.89
1.96
2.00
1.69
1.57
2.09
1.84
1.56
2.16
2.10
2.00
1.85
1.71
1.86
2.20
1.74
1.94
1.55
2.18
1.55
1.39
1.84
1.98
1.75
1.77
1.60
1.77
1.71
1.26
1.65
1.39
1.45
1.58
1.45
1.57
1.97
1.89
1.68
1.60
1.42
1.71
1.56
1.71
1.57
1.93
1.45
0.88
1.33
1.26
1.40
1.34
1.96
1.85
1.73
1.52
1.64
1.64
1.62
1.77
1.74
1.79
1.53
1.45
1.29
2.07
1.32
1.51
1.91
1.49
1.35
0.94
1.91
1.52
1.53
1.85
1.66
1.84
1.94
1.71
1.62
1.88
1.73
1.69
1.78
1.96
1.70
1.94
1.60
1.73
1.46
1.44
1.64
1.55
2.05
2.16
1.51
1.21
1.90
1.94
1.77
1.90
1.47
1.61
1.57
1.66
1.95
1.89
1.41
1.40
1.63
1.00
1.78
1.74
2.04
1.58
2.04
1.48
1.78
1.68
2.07
1.47
1.80
1.57
2.16
1.75
1.63
1.54
1.62
1.46
1.63
1.63
2.02
1.98
1.69
1.92
1.97
1.80
2.06
2.01
1.77
2.09
1.69
1.38
1.80
1.61
1.57
1.90
1.95
2.11
2.32
1.80
1.98
1.86
1.84
1.98
1.83
1.56
2.02
1.71
1.21
1.53
1.48
1.87
1.43
2.29
1.61
1.45
1.83
1.74
1.50
1.81
1.85
0.88
1.51
1.55
1.80
1.67
1.73
1.49
1.42
1.85
1.87
1.10
1.57
1.80
1.39
1.78
1.68
1.77
1.64
1.97
1.94
1.51
1.63
1.60
2.01
2.01
1.81
1.97
1.86
1.63
1.00
2.03
1.91
1.78
1.52
2.10
2.09
1.98
1.63
1.98
1.97
1.58
1.63
1.89
1.72
1.79
1.70
1.35
1.89
1.88
1.61
1.10
2.12
1.61
1.89
1.87
1.82
1.63
1.87
1.59
1.59
1.58
1.38
1.71
1.56
1.73
1.35
1.81
1.57
1.61
1.60
1.78
1.61
1.79
1.82
1.05
1.59
1.65
1.65
1.63
1.52
1.90
1.84
1.41
1.94
1.78
1.96
1.70
1.99
1.70
1.76
1.33
1.57
2.28
2.07
1.91
1.98
2.05
1.38
1.69
2.10
1.69
1.87
1.78
1.75
1.67
1.98
1.52
1.85
1.87
2.00
2.03
1.85
1.89
1.77
2.07
1.75
1.93
1.26
1.92
2.04
1.88
1.95
2.00
1.56
1.87
1.83
2.07
1.67
1.92
1.90
1.65
1.62
1.72
1.70
1.74
1.98
1.65
1.88
1.86
1.91
2.92
1.94
1.62
1.95
1.54
1.53
1.99
2.02
1.74
2.03
1.93
1.63
1.73
2.05
2.08
1.75
1.73
1.57
2.33
1.92
1.87
1.63
1.69
1.93
1.99
1.70
1.90
1.60
1.86
1.66
1.66
1.97
1.34
1.90
1.88
1.94
1.85
1.91
2.07
2.02
1.75
1.87
2.18
1.67
1.83
1.90
1.71
2.05
1.74
1.72
1.77
1.95
2.32
1.71
1.84
1.75
1.73
1.89
1.62
1.42
0.97
1.80
1.61
1.65
1.33
1.00
1.53
1.82
1.79
1.68
2.06
1.66
2.04
1.78
1.40
1.89
1.64
1.63
1.74
1.80
1.59
1.28
1.89
1.58
1.74
2.04
1.83
1.18
1.85
1.37
1.95
1.34
1.00
1.70
1.76
1.55
1.84
1.78
1.76
1.66
1.40
1.00
1.85
1.54
1.99
2.00
1.69
1.98
2.06
1.64
1.76
1.58
1.83
2.03
1.48
1.63
1.65
1.77
1.87
1.42
1.94
1.66
1.81
2.31
1.61
1.88
1.76
1.76
1.57
2.04
1.83
1.49
1.87
1.85
1.70
1.75
1.93
1.73
1.73
1.67
1.90
1.72
1.71
1.77
1.60
2.03
1.78
1.67
1.78
1.79
1.92
1.55
1.81
2.37
1.77
2.13
1.76
1.85
1.43
1.74
1.86
2.07
1.66
1.80
1.63
1.80
1.96
1.75
1.66
1.99
1.98
1.60
1.67
1.67
2.05
1.58
1.75
1.79
1.74
1.63
2.05
1.41
1.86
1.91
1.79
1.66
2.05
1.89
1.71
2.01
1.79
1.68
1.95
1.99
1.84
1.67
2.00
1.63
1.41
1.83
1.75
1.74
2.10
1.86
1.83
1.77
1.95
2.06
2.03
1.80
1.33
1.62
2.20
1.68
2.04
1.83
2.03
1.83
2.08
1.69
1.25
1.79
1.74
1.76
1.50
2.10
1.80
2.00
1.85
1.77
2.04
2.08
1.80
2.05
1.79
2.00
1.98
1.78
2.00
1.73
1.47
1.88
1.93
1.52
1.66
1.77
1.50
1.65
1.52
1.52
1.68
1.75
1.57
1.81
1.89
1.50
1.80
1.59
1.71
1.76
1.66
1.78
1.53
1.94
1.80
1.72
2.05
1.56
1.48
1.98
2.02
1.55
1.76
2.06
1.61
1.86
2.04
1.80
1.62
1.75
1.85
1.65
1.57
1.33
1.88
1.90
1.60
1.42
1.82
1.45
1.92
2.07
1.79
1.28
1.97
1.28
2.00
1.80
1.96
1.68
1.93
2.01
1.41
1.42
1.81
1.59
1.84
1.58
1.48
2.11
1.83
1.82
1.20
1.73
1.98
2.17
1.97
1.38
1.66
1.62
1.85
1.59
1.87
1.64
1.80
1.60
1.94
1.71
2.15
1.82
1.44
1.70
1.22
1.79
1.82
1.77
1.70
1.98
1.78
1.73
1.74
1.97
2.14
1.63
1.59
1.49
1.72
1.84
2.03
1.53
1.63
1.55
1.38
1.50
1.92
1.76
1.31
1.35
1.51
1.90
1.71
1.96
2.20
1.96
1.65
1.71
1.63
1.80
1.57
1.41
1.33
2.19
1.86
1.53
1.53
1.66
1.80
1.83
1.98
1.84
1.89
2.42
1.61
2.09
1.83
1.84
1.82
1.88
1.49
1.99
1.78
1.62
2.08
1.73
1.73
2.10
2.21
1.35
1.34
1.52
1.81
1.91
1.93
1.64
1.73
1.84
1.87
1.74
1.58
1.80
1.86
1.70
1.86
1.87
1.92
1.54
1.45
1.71
1.16
1.69
1.67
1.95
1.79
1.60
1.57
2.28
1.44
1.79
2.34
1.64
1.79
1.81
1.93
1.73
1.51
1.67
1.83
1.46
1.02
2.00
1.72
1.66
1.64
1.78
1.46
1.60
1.82
1.26
1.76
1.52
1.77
1.69
1.68
1.63
1.53
2.06
1.60
1.63
2.24
0.50
1.61
1.75
1.28
1.72
2.07
2.00
1.60
1.99
2.09
1.56
1.85
1.97
1.90
1.79
1.75
1.43
1.82
1.74
1.68
1.91
1.84
1.60
1.70
1.98
1.77
1.79
1.80
1.86
2.06
1.77
1.56
1.66
1.67
1.78
1.48
2.08
1.72
1.61
1.81
1.48
2.26
1.91
1.72
2.50
1.77
1.74
1.61
1.76
1.33
1.41
1.62
1.94
2.03
1.92
1.69
1.96
2.06
1.94
1.67
1.83
1.51
2.01
1.89
1.63
1.83
1.77
1.61
1.60
1.20
0.83
2.01
1.65
1.76
1.79
1.80
1.14
1.70
1.77
1.61
1.86
1.52
2.12
1.44
1.80
1.83
1.43
1.68
1.78
1.49
1.99
1.58
2.06
1.86
1.47
1.74
1.69
2.04
1.65
1.58
1.72
1.67
1.34
1.41
1.77
1.87
1.79
1.84
1.86
1.90
1.96
1.91
1.53
2.05
2.06
2.08
1.31
1.79
1.39
1.89
1.75
1.62
1.72
1.52
1.25
1.65
1.95
1.92
1.93
2.45
1.81
2.16
1.57
1.40
1.97
1.66
2.07
1.29
1.47
1.71
1.64
1.60
1.82
1.56
1.46
1.40
1.72
1.72
1.79
1.82
0.50
1.63
1.75
1.79
1.83
1.85
1.60
1.75
2.01
0.83
2.12
1.74
1.75
1.24
2.07
2.19
1.78
1.23
2.09
1.26
1.62
1.91
1.59
1.79
1.85
1.60
1.70
1.70
1.94
1.85
1.92
2.04
1.76
1.76
1.86
1.83
1.91
1.77
1.88
1.51
1.65
1.79
1.70
1.56
1.49
1.72
1.98
1.48
1.93
1.70
1.13
1.71
1.58
1.49
1.61
1.83
1.60
1.13
1.54
1.35
1.67
1.45
1.66
1.97
1.64
1.99
2.07
1.28
1.66
1.91
1.76
1.59
1.90
1.76
1.30
1.28
1.40
1.67
1.58
1.80
1.60
1.46
1.57
2.04
1.75
1.63
1.59
1.99
1.54
1.86
1.71
1.55
1.30
2.00
1.75
1.57
1.85
1.91
1.32
1.80
1.63
1.72
1.65
1.97
1.84
1.77
2.22
1.48
1.90
1.46
1.78
1.31
1.90
1.68
1.71
2.05
1.30
1.81
1.45
1.75
1.72
1.48
1.54
1.50
1.35
1.55
1.80
1.86
1.47
1.74
1.67
1.65
2.02
1.49
2.02
1.69
1.83
1.71
1.69
1.97
1.85
1.63
1.85
1.96
1.85
1.98
1.69
1.89
1.70
1.71
1.97
1.87
1.39
1.49
1.67
1.61
1.58
1.27
1.57
1.89
1.69
1.60
1.83
1.78
1.90
1.43
1.66
1.74
1.74
2.03
1.54
1.81
1.93
1.79
1.32
1.93
1.60
1.76
1.87
2.45
1.78
1.53
1.86
2.02
2.02
1.87
2.22
1.87
2.07
1.81
1.74
1.93
1.77
1.73
2.09
1.63
1.88
1.73
1.85
1.88
1.77
1.94
1.90
1.93
1.62
1.96
2.09
1.95
1.67
1.90
1.82
1.89
1.81
1.93
1.76
1.58
1.42
1.50
1.57
2.02
1.44
1.49
1.72
1.33
1.47
1.65
1.42
1.68
1.69
1.72
1.75
1.74
1.65
1.70
1.87
1.87
2.01
1.90
1.72
1.55
1.82
1.83
1.84
1.85
1.56
1.94
2.11
1.75
1.43
1.61
1.70
1.44
1.58
1.88
1.59
1.76
1.76
1.77
1.96
1.92
1.97
1.72
1.70
1.74
1.74
1.46
1.74
1.86
1.94
1.85
2.02
1.42
1.57
1.77
1.57
1.81
1.70
1.97
1.51
2.02
1.98
1.75
1.70
1.95
1.89
1.70
1.88
1.67
1.41
1.67
1.90
1.71
1.71
1.47
1.72
2.09
1.95
1.68
1.70
1.56
1.94
1.89
1.85
1.90
1.57
1.89
1.90
1.69
1.64
1.54
1.71
1.63
1.62
1.64
2.04
1.86
1.61
1.78
1.85
1.89
1.60
1.60
1.50
1.66
1.93
2.05
1.62
1.85
1.75
1.78
1.51
2.41
2.22
1.92
1.83
1.47
1.75
1.82
1.48
1.70
1.55
1.94
1.58
1.79
1.62
1.49
1.64
1.80
1.76
2.06
1.96
1.73
1.96
1.64
1.68
1.90
1.83
1.94
1.77
1.75
1.98
1.97
1.67
1.86
1.75
1.72
1.95
2.04
1.64
1.83
1.82
1.84
1.84
1.83
1.62
1.82
1.82
1.57
1.80
1.78
1.94
1.50
1.96
1.78
1.72
1.75
1.81
1.83
1.57
1.47
1.58
1.69
1.73
1.65
1.59
2.26
1.82
1.81
1.59
1.91
1.54
1.37
1.80
1.88
1.87
1.73
1.71
1.94
2.11
1.94
1.61
1.88
1.97
1.99
1.82
1.67
1.85
1.65
1.95
1.59
1.56
1.84
1.81
2.08
1.61
1.93
2.07
1.57
1.62
1.79
1.98
1.90
2.24
1.80
1.94
1.92
1.75
1.56
1.61
2.11
1.89
1.95
1.69
1.69
1.61
1.63
1.57
1.75
2.03
2.13
1.85
1.81
1.73
1.60
2.12
1.93
1.72
1.57
1.69
1.71
1.90
1.83
1.61
1.73
2.03
1.75
2.24
1.62
1.77
1.53
1.87
1.79
1.69
1.97
1.79
1.82
1.66
1.78
1.55
2.00
2.06
1.57
1.78
1.95
1.51
2.04
2.07
1.30
1.76
1.62
1.47
1.88
1.68
1.90
1.76
1.68
1.76
1.71
1.82
1.75
2.09
1.51
1.52
1.61
1.59
1.68
1.70
1.58
1.79
1.84
1.66
1.14
1.78
1.50
2.23
1.72
1.79
1.87
1.63
1.93
1.91
1.58
1.65
2.01
2.11
1.68
1.95
2.02
1.77
1.67
1.89
2.12
2.15
1.61
1.33
1.70
1.73
2.00
1.79
1.15
1.86
1.71
2.11
1.90
1.69
1.31
2.12
1.10
1.48
1.48
1.52
1.35
1.79
1.93
1.79
1.68
1.68
1.53
1.86
1.63
1.97
1.95
1.50
1.68
1.38
1.58
1.72
1.52
1.44
1.46
1.56
1.74
1.85
1.54
2.04
1.40
1.75
2.11
1.66
1.61
1.77
1.93
2.02
1.50
1.89
1.92
1.99
1.50
1.76
1.85
1.38
1.96
1.90
1.73
1.37
1.64
1.86
1.55
1.62
1.64
1.55
1.93
1.89
1.25
1.53
1.48
1.56
1.53
1.62
1.59
1.52
1.63
1.37
1.68
2.23
1.57
1.61
1.68
1.59
1.44
1.53
1.83
2.06
1.88
1.81
1.88
1.71
1.81
1.98
1.84
1.92
1.80
1.50
1.67
1.75
1.68
1.95
1.45
1.62
1.73
1.38
1.44
1.87
1.73
1.87
1.94
1.56
1.94
2.04
1.59
1.73
1.69
2.02
1.73
1.78
1.76
1.67
1.88
1.49
1.94
1.67
1.80
1.63
1.87
1.85
1.76
1.82
1.64
1.82
1.81
1.97
1.89
1.73
1.93
2.06
1.74
1.94
1.95
1.83
1.75
1.94
1.18
1.38
1.87
1.94
1.84
1.80
1.84
2.09
2.08
1.51
1.92
1.96
2.08
1.75
1.95
1.87
1.78
2.00
1.86
2.06
1.86
2.08
1.79
1.73
1.81
1.68
1.82
1.63
1.45
0.70
1.72
1.48
1.72
1.47
1.41
1.88
1.60
0.75
1.88
1.68
1.93
1.70
2.06
1.87
1.90
1.80
1.58
1.48
1.65
1.67
1.71
2.00
1.79
1.59
1.83
1.42
1.74
1.83
1.95
1.78
1.04
1.24
1.00
2.01
1.81
1.75
1.96
1.50
1.40
1.67
1.61
1.73
1.92
1.60
2.16
1.76
1.67
1.87
1.70
1.70
1.62
1.68
1.53
1.84
1.97
1.58
1.67
1.96
1.70
1.71
1.86
1.79
1.99
1.90
1.95
1.89
1.80
1.75
1.60
1.74
1.56
2.16
1.51
1.43
1.89
1.86
1.98
1.65
1.57
1.58
1.99
1.70
1.78
1.23
1.52
1.88
1.70
1.00
1.63
1.91
1.17
1.61
1.63
2.18
1.45
1.76
2.06
1.91
1.77
1.64
1.35
1.55
1.58
1.86
1.90
1.07
1.48
1.00
1.85
1.58
1.20
1.00
1.81
1.79
1.78
1.71
2.09
2.01
1.81
1.83
1.92
1.64
1.87
2.42
2.21
2.19
2.18
2.14
2.09
1.89
2.34
2.22
2.28
2.08
2.59
2.25
2.11
2.00
2.41
1.83
1.94
2.23
1.94
1.54
2.25
2.01
1.63
1.80
1.81
2.44
2.16
1.04
2.14
2.16
1.83
2.12
2.20
2.21
2.02
1.96
2.04
1.91
1.95
2.24
2.06
2.36
1.85
1.82
1.89
2.18
2.42
2.21
2.09
2.07
2.06
2.06
2.16
2.46
1.10
1.90
2.24
2.01
1.97
2.24
1.77
1.64
1.95
1.70
2.02
2.08
2.14
2.20
2.18
1.90
2.00
2.40
2.25
2.38
1.70
2.07
2.89
1.85
1.83
2.46
1.98
2.06
1.87
1.70
1.97
2.10
1.92
2.18
2.16
2.02
2.32
2.02
2.28
2.09
1.94
1.64
2.04
2.41
2.51
1.89
2.23
2.17
2.08
2.20
2.26
2.29
2.00
2.06
1.96
2.27
2.06
2.19
2.44
2.05
2.00
2.24
2.19
2.29
2.17
1.91
2.05
2.00
2.34
1.58
1.98
1.96
2.19
1.24
1.81
1.88
1.79
1.71
2.06
2.03
1.53
1.95
1.92
1.99
2.38
2.09
2.32
1.83
1.97
1.80
2.11
2.10
2.07
2.10
2.12
2.09
1.90
2.24
2.44
1.80
2.58
1.67
2.22
2.12
2.20
2.10
2.37
2.19
2.08
1.94
2.27
2.31
2.05
2.55
1.91
1.99
2.05
2.25
2.24
1.91
2.11
2.10
2.07
2.25
1.80
1.96
2.01
1.97
2.00
2.07
2.26
2.01
1.94
2.29
2.18
1.80
2.00
1.99
2.33
2.29
2.13
2.29
2.02
2.06
2.05
2.05
1.89
1.99
2.03
1.99
2.11
2.09
1.97
1.99
2.05
1.80
2.17
2.20
2.10
1.86
1.92
2.14
2.20
2.20
2.10
2.34
2.30
2.29
1.97
1.96
2.00
1.93
1.90
2.00
1.50
2.01
1.94
2.14
1.99
2.00
1.99
1.96
1.87
1.93
1.84
1.80
2.00
2.00
2.03
1.91
2.16
2.22
1.91
1.99
2.17
2.16
2.16
2.09
2.29
2.44
1.98
1.94
2.12
2.32
1.95
2.27
2.26
1.95
2.20
1.68
1.69
1.96
1.98
2.12
2.02
2.35
1.94
2.18
2.19
2.25
1.98
1.70
1.79
2.17
1.89
1.97
1.94
2.51
1.94
2.03
2.00
2.02
1.80
1.90
2.50
1.87
2.06
2.20
2.37
2.08
1.95
2.18
2.04
2.06
2.50
1.76
1.79
2.06
2.68
2.02
2.20
2.10
2.32
1.95
1.88
2.18
1.82
2.15
2.12
2.11
1.79
2.06
1.75
2.09
2.16
1.90
2.30
2.09
1.97
2.02
2.02
1.94
2.00
1.95
1.79
2.07
2.05
2.41
2.20
2.12
2.23
2.08
2.09
1.85
1.79
1.85
2.13
1.92
1.95
2.11
1.93
2.16
2.06
2.14
2.04
1.96
2.14
2.29
2.05
2.15
2.06
2.27
2.29
1.85
1.89
2.40
2.04
2.01
1.83
2.05
1.78
1.95
1.79
2.11
2.21
2.12
1.60
2.16
1.88
1.89
1.83
2.01
2.11
1.53
2.21
2.00
2.42
1.98
1.96
2.19
1.86
1.77
1.90
1.43
2.32
2.09
2.13
2.03
1.94
2.02
2.01
2.28
1.93
1.60
1.93
1.85
2.16
1.95
1.67
2.07
1.87
2.23
2.00
2.06
2.04
2.04
2.07
2.42
1.95
2.48
2.09
1.97
2.03
1.94
1.81
2.17
1.99
2.11
1.93
2.13
2.15
1.69
2.28
2.46
2.15
2.25
1.97
2.36
2.01
2.10
2.28
1.80
1.95
1.92
2.09
1.92
1.98
2.08
2.14
2.64
1.25
1.76
2.09
1.65
2.33
2.00
2.24
1.86
1.33
2.15
2.11
2.19
2.01
2.03
1.75
2.00
1.69
2.28
2.19
2.11
1.80
1.69
2.05
2.51
2.01
1.73
1.74
1.82
1.79
2.10
2.01
2.19
2.47
1.82
1.98
1.96
2.00
2.09
2.54
2.25
1.72
2.28
1.89
2.10
2.03
2.00
2.31
2.04
1.78
1.91
2.10
2.30
1.79
2.07
2.07
2.08
1.89
2.05
2.16
2.19
2.07
1.75
2.21
1.61
1.87
1.81
1.62
1.35
1.98
1.95
2.14
1.76
2.05
2.34
1.88
2.08
1.42
2.07
1.80
2.00
1.89
1.68
2.07
1.91
2.06
2.04
1.94
1.98
2.12
1.98
1.95
2.05
2.08
2.09
2.10
2.07
1.87
2.00
1.87
1.84
1.96
2.07
2.02
2.04
2.12
1.66
2.20
2.08
2.04
1.66
2.17
1.94
2.05
2.00
1.70
2.01
2.02
1.78
1.97
1.99
1.95
2.18
2.06
2.12
1.80
2.15
2.14
2.31
1.81
2.14
1.71
1.92
2.28
1.96
2.02
1.94
2.08
2.07
2.21
2.05
1.94
1.99
2.29
1.98
2.08
2.11
2.04
1.65
2.08
2.22
2.10
1.96
2.68
2.26
2.01
2.13
1.86
2.27
2.27
1.72
1.94
1.98
2.35
1.97
2.03
2.00
1.96
2.07
2.48
2.23
1.95
2.19
1.96
1.68
2.17
1.95
1.91
2.24
2.12
1.83
2.49
2.25
2.02
2.05
1.95
2.06
2.14
2.02
2.30
2.00
2.26
1.91
1.88
1.98
1.96
2.02
2.03
1.98
1.92
1.53
1.78
2.05
2.05
2.02
1.85
1.87
2.18
1.74
1.97
2.07
2.12
2.00
1.92
2.16
2.04
1.64
1.91
2.34
1.99
2.01
2.08
2.00
2.06
1.83
2.33
2.13
1.84
2.08
2.29
2.12
1.60
1.88
2.15
1.94
1.98
1.93
1.85
1.73
2.08
1.90
1.75
2.29
1.85
1.89
1.92
2.33
2.09
2.33
2.26
2.11
2.01
1.93
1.87
2.11
1.86
2.08
1.90
1.87
1.99
1.81
2.12
2.07
2.32
2.04
2.00
2.05
2.08
2.33
2.06
1.96
2.07
2.00
1.89
1.87
2.32
1.99
1.88
2.19
1.82
2.07
1.92
2.04
1.95
1.88
2.05
2.13
1.79
2.14
2.27
1.97
2.19
1.96
2.18
2.01
2.07
2.10
1.96
1.52
1.96
2.10
2.19
2.27
2.06
2.15
2.22
1.90
1.95
1.83
2.15
2.36
2.26
1.87
2.87
1.91
2.04
2.33
1.81
2.39
2.06
1.95
2.09
1.94
2.02
1.91
2.07
2.10
1.96
2.30
2.08
2.04
2.00
2.10
1.88
1.96
2.07
2.30
2.34
2.04
1.77
2.03
2.21
2.25
1.91
2.07
1.95
2.00
2.08
2.10
2.35
2.22
1.91
2.11
2.03
1.71
1.94
2.19
2.14
1.95
2.08
2.00
2.04
1.98
2.41
1.78
2.17
2.42
2.28
2.14
2.29
2.09
2.10
2.07
2.03
1.90
1.86
2.02
2.18
2.19
1.38
2.07
1.97
1.93
2.16
2.19
2.45
2.37
1.86
2.11
2.30
2.02
1.94
1.91
2.00
2.08
1.83
1.82
2.18
2.39
1.70
1.73
2.05
1.69
2.06
2.02
2.02
1.93
2.01
1.94
1.73
2.10
2.40
2.40
1.99
2.12
2.13
2.15
1.96
2.01
2.19
2.15
2.21
2.17
1.85
1.89
1.97
2.15
2.21
2.03
2.22
2.02
2.20
1.99
2.12
1.81
2.04
2.20
2.09
2.14
1.98
1.45
2.24
1.58
1.67
1.89
2.04
2.21
1.90
1.42
2.26
2.22
2.30
2.29
2.08
2.14
1.50
1.96
2.24
2.21
1.75
2.28
2.38
2.07
2.24
1.75
2.32
1.96
2.46
1.83
1.33
1.78
2.38
1.98
2.08
2.17
1.96
1.41
2.03
1.90
2.11
2.29
1.95
2.22
2.21
1.88
2.07
2.20
2.10
2.23
2.23
1.87
2.54
2.06
2.06
2.29
2.55
1.93
2.00
2.60
2.08
2.02
1.83
1.77
2.04
1.87
2.21
2.25
1.80
2.00
2.40
2.17
1.75
1.82
2.47
2.15
2.04
2.07
1.75
2.25
2.02
1.92
2.22
2.04
2.14
2.17
2.15
2.02
2.18
1.92
1.89
2.09
2.32
2.28
0.80
2.00
1.98
1.58
1.98
2.69
1.78
1.94
1.65
2.21
1.99
1.72
2.12
2.03
1.75
1.80
1.95
2.24
1.89
1.93
2.06
2.26
1.77
2.08
2.15
2.22
2.21
1.92
2.10
2.24
2.05
2.00
1.76
2.43
2.15
2.02
1.96
2.17
2.24
1.94
2.25
2.27
2.11
2.09
2.07
2.24
1.91
2.14
1.99
1.84
1.85
1.71
2.49
1.70
2.10
1.83
2.37
1.93
2.11
1.79
1.49
2.07
1.50
2.05
2.02
1.78
2.59
2.15
2.48
2.09
1.89
2.22
2.11
2.22
2.22
1.88
2.25
2.21
1.91
2.38
1.89
2.20
2.18
1.85
2.05
2.04
1.88
1.82
1.83
1.84
2.15
2.12
1.83
2.08
2.12
2.07
1.98
2.06
2.29
2.19
2.08
2.06
1.72
1.78
2.00
2.03
2.20
2.20
1.96
2.19
1.99
2.05
2.18
2.13
2.09
2.08
2.11
1.89
2.15
2.29
2.01
1.99
1.55
2.14
2.30
1.94
2.05
1.71
2.08
2.07
1.98
2.04
2.23
1.94
1.89
2.00
2.20
2.17
2.19
1.97
1.96
2.10
2.32
1.90
2.08
2.35
1.85
2.22
2.12
2.27
1.94
1.94
2.16
1.82
1.85
2.12
2.33
2.21
1.95
1.93
2.02
2.18
1.77
1.86
1.93
2.16
2.00
2.00
2.16
2.06
1.96
1.76
1.99
2.02
1.88
2.09
2.18
1.97
2.18
2.02
1.89
1.90
2.05
1.73
2.00
1.84
2.05
2.00
1.76
2.28
1.71
1.93
2.11
1.73
2.00
2.27
1.90
2.05
2.06
1.80
2.17
1.86
2.17
1.88
1.61
1.75
2.01
1.97
1.88
1.82
1.95
2.17
2.02
1.89
1.84
2.15
2.05
2.37
1.94
2.18
1.99
2.08
2.25
2.07
2.03
1.91
1.82
2.06
1.88
2.00
1.92
1.94
2.07
2.07
1.94
1.97
1.88
1.81
2.06
1.93
1.83
2.03
1.87
1.82
2.18
1.97
2.14
1.71
2.11
2.22
2.07
2.11
2.05
2.17
2.20
1.84
2.23
1.78
1.97
2.29
2.28
1.80
1.94
2.07
2.16
1.67
1.89
2.27
1.89
1.81
1.83
2.11
2.04
2.08
1.90
2.13
1.67
1.81
1.89
1.99
2.26
2.14
1.97
1.76
1.93
2.12
1.87
1.96
1.94
2.14
2.13
1.95
2.09
1.92
1.66
2.33
1.96
2.03
1.72
2.03
1.79
1.91
1.99
2.32
2.40
1.86
2.15
2.09
2.09
2.09
2.33
2.00
1.79
1.89
2.30
2.18
2.06
1.85
2.02
1.93
2.04
2.25
2.16
2.41
2.06
2.31
2.14
2.16
2.23
2.11
2.24
1.80
1.83
2.14
1.94
2.16
2.05
2.01
2.01
1.87
2.27
2.08
2.47
1.79
2.22
2.09
2.28
2.50
2.14
2.08
2.01
2.03
2.18
1.88
2.12
2.45
2.02
2.30
1.98
1.96
1.76
1.94
2.26
1.96
1.89
1.81
1.91
1.78
2.11
1.37
1.98
2.48
2.38
2.31
2.40
2.12
1.75
2.12
1.89
2.06
1.98
1.50
2.05
1.93
1.92
1.79
1.91
1.92
2.10
2.21
1.96
2.12
2.15
2.09
2.02
1.90
2.08
2.31
2.07
1.91
2.14
1.98
2.15
1.74
1.75
1.75
2.22
1.95
2.05
1.78
2.00
1.99
2.01
1.90
2.20
1.41
2.00
1.87
2.12
1.95
2.27
1.89
2.36
2.01
2.12
1.73
1.93
2.09
2.01
1.81
2.15
2.13
2.14
1.72
1.95
1.81
1.84
1.96
1.92
2.10
1.85
1.94
1.67
2.13
2.19
1.88
2.00
2.15
2.26
2.12
2.18
2.35
1.79
2.11
2.04
2.26
2.06
1.90
1.79
2.22
2.04
2.12
2.06
2.10
2.04
2.25
2.20
2.01
1.86
1.94
1.83
2.07
2.13
2.00
2.07
2.11
2.27
2.13
1.97
2.01
2.10
2.04
2.20
1.93
1.91
1.79
1.72
2.09
1.95
2.08
2.26
2.17
2.10
1.98
2.48
1.99
2.23
2.19
1.85
1.91
1.84
1.71
2.02
2.00
1.97
2.00
1.93
1.77
1.69
1.98
2.21
2.10
1.74
2.10
2.27
1.82
1.85
2.16
1.90
2.21
1.74
1.97
2.11
1.79
2.27
2.08
1.78
2.01
1.93
1.89
1.91
2.03
1.78
1.88
2.13
2.22
2.03
2.24
1.95
2.29
1.82
2.12
1.97
1.92
2.19
2.05
2.01
2.04
1.37
1.89
2.01
2.31
1.91
1.99
1.88
2.05
2.07
2.00
2.24
2.05
1.85
2.08
1.59
1.93
1.68
2.38
2.00
2.04
2.22
1.56
1.79
2.25
1.86
1.90
2.12
1.75
2.39
1.98
2.08
2.04
0.70
2.03
2.01
2.22
2.67
1.91
2.02
2.00
2.03
1.94
2.14
2.75
1.96
1.71
2.32
2.20
2.17
0.89
1.61
1.89
2.18
2.55
1.00
1.94
2.00
2.43
2.07
2.00
1.94
1.83
2.00
2.09
1.83
2.00
2.08
1.86
1.94
1.94
1.93
2.31
2.21
2.63
2.46
2.34
2.47
2.80
2.06
2.27
2.60
2.48
2.49
2.23
2.44
2.55
2.35
3.19
2.37
2.47
2.23
2.49
2.54
2.37
2.28
2.13
2.36
2.54
2.56
2.58
2.48
2.65
2.63
2.32
2.22
2.61
2.30
2.47
2.48
2.30
2.49
2.25
2.66
2.53
2.38
2.71
2.65
2.18
2.53
2.45
2.27
1.93
2.78
2.55
2.49
2.22
2.10
2.19
2.65
2.56
2.57
2.41
2.17
2.45
2.12
2.51
2.64
2.34
2.59
2.54
2.49
2.37
2.13
2.44
2.09
2.19
2.72
2.62
2.15
3.04
2.14
2.16
2.40
2.76
2.37
2.13
2.68
2.46
2.04
2.45
2.43
2.29
2.12
2.47
2.28
2.42
2.33
2.66
2.70
2.43
2.58
2.67
2.27
2.44
2.46
2.51
2.80
2.34
2.61
2.48
2.56
2.76
2.42
2.29
2.41
2.57
2.31
2.36
2.25
2.38
2.07
2.67
2.22
2.25
2.44
2.44
2.79
2.39
2.74
2.42
2.51
2.50
2.55
2.59
2.32
2.69
2.32
2.40
2.29
3.01
2.35
2.45
2.12
2.09
2.04
2.37
2.33
2.14
2.21
2.71
2.72
2.20
2.51
2.32
2.04
2.68
2.63
2.46
2.58
2.43
2.85
2.53
2.04
2.19
2.58
2.30
2.33
2.57
3.00
2.71
2.66
2.42
2.53
2.27
2.46
2.62
2.39
2.36
2.28
2.08
2.43
2.48
2.07
2.69
2.30
2.44
2.07
2.64
2.24
2.64
2.33
2.69
2.71
2.32
2.44
2.29
2.49
1.74
2.08
2.48
2.30
2.35
2.15
2.41
2.24
2.49
2.41
2.44
2.37
2.33
2.54
2.53
2.41
2.31
2.36
2.43
2.64
2.57
2.21
2.65
2.53
2.44
2.59
2.26
2.21
2.36
2.69
2.37
2.62
2.53
2.57
2.36
2.28
2.28
2.52
2.45
2.49
2.82
2.53
2.41
2.38
2.76
2.21
2.44
2.26
2.60
2.49
2.40
2.47
2.72
2.69
2.31
2.13
2.42
2.37
2.59
2.18
2.11
2.10
2.40
2.40
2.38
2.50
2.43
2.70
2.89
2.21
2.34
2.42
2.76
2.72
2.28
2.49
2.20
2.55
2.22
2.58
2.32
2.52
2.44
2.14
1.91
1.94
2.52
2.37
2.88
2.07
2.72
1.84
2.19
2.00
2.45
2.47
2.11
2.35
2.50
2.45
2.35
2.57
3.02
2.42
2.39
2.58
2.36
2.10
2.17
2.26
1.95
2.10
2.26
2.15
2.39
2.21
2.23
2.27
2.71
1.38
2.35
2.39
2.44
2.69
2.35
2.49
2.12
2.41
2.38
2.35
2.34
2.28
2.34
2.45
2.70
2.39
2.46
2.32
2.63
2.64
2.63
2.15
2.13
2.27
2.47
2.41
2.36
2.62
2.73
2.48
2.40
2.45
2.41
2.25
2.65
2.47
2.42
2.92
2.43
2.70
2.34
2.13
2.31
2.30
2.16
2.40
2.31
2.40
2.47
2.08
2.38
2.35
2.53
2.50
2.43
2.44
2.13
2.84
2.30
2.87
2.58
2.70
2.62
2.61
2.40
2.21
2.60
1.90
2.53
2.48
2.66
2.18
2.53
2.07
2.26
2.34
2.37
2.12
2.21
2.17
2.33
2.33
2.13
2.50
2.34
2.63
2.86
2.39
2.64
2.34
2.58
2.10
2.26
2.10
2.35
2.25
2.82
2.41
2.40
2.63
2.23
1.86
2.12
2.21
2.10
2.56
2.21
2.40
2.45
2.11
2.50
2.32
2.22
2.18
2.69
2.62
2.13
2.48
2.41
2.46
2.11
2.40
2.42
2.50
2.67
2.72
2.32
2.12
2.77
2.23
2.15
2.44
2.36
2.47
2.55
2.54
2.46
2.48
2.27
2.60
2.18
2.69
2.53
2.08
2.48
2.33
2.45
2.78
2.43
2.37
2.19
2.72
2.26
2.18
2.53
2.84
2.60
2.76
2.57
2.30
2.38
2.35
2.53
2.39
2.54
2.44
2.52
2.23
2.40
2.21
2.46
2.17
2.57
2.61
2.30
2.06
2.73
2.45
2.48
2.81
2.32
2.53
2.36
2.39
2.40
2.33
2.00
2.83
2.72
2.60
2.10
2.92
2.41
2.50
2.71
2.45
2.48
2.34
2.40
2.09
2.73
2.16
2.35
2.17
2.14
2.41
2.34
2.38
2.05
2.24
1.99
1.92
2.49
2.42
2.30
2.10
2.48
2.48
2.36
2.54
2.41
2.21
2.27
2.52
2.41
2.35
2.06
2.18
2.08
2.47
2.77
2.15
2.40
2.46
2.27
2.44
2.43
2.72
2.68
2.08
2.61
2.54
2.42
2.43
2.63
2.46
2.27
3.00
2.45
2.66
2.49
2.61
2.71
2.43
2.94
2.31
2.60
2.25
2.20
2.26
2.47
2.44
2.45
2.07
2.60
2.21
2.27
2.13
2.60
2.64
2.18
2.61
2.35
2.15
2.26
2.67
2.74
2.43
2.60
2.49
2.54
2.17
2.29
2.53
2.44
2.54
2.84
2.41
2.35
2.38
2.40
2.25
2.24
2.35
2.74
2.31
2.30
2.50
2.65
2.13
2.67
2.48
2.46
2.51
2.22
2.11
2.43
2.31
2.75
2.45
1.94
2.46
2.39
2.19
2.54
2.89
2.63
2.21
2.15
2.41
2.55
2.58
2.29
2.75
2.24
2.68
2.62
2.59
2.39
2.25
2.30
2.20
2.19
2.21
2.36
2.49
2.13
2.24
2.07
2.35
2.53
2.33
2.78
2.47
2.36
2.34
2.50
2.55
2.36
2.48
2.36
2.21
2.37
2.25
2.21
3.01
2.14
2.28
2.25
2.44
2.20
2.46
2.49
2.42
2.66
2.51
2.78
2.42
2.43
2.21
2.45
2.36
2.01
2.30
2.72
2.79
2.19
2.63
2.52
2.50
2.69
2.39
2.13
2.64
2.46
1.31
2.33
2.13
2.47
2.25
2.05
2.28
2.35
2.12
2.35
2.49
2.22
2.26
2.45
2.43
2.32
2.14
2.28
2.31
2.40
2.01
2.01
2.37
2.17
2.20
2.28
2.67
2.24
2.45
2.35
2.51
2.52
2.65
2.75
2.55
2.38
2.35
2.70
2.44
2.16
2.33
2.21
2.36
2.42
2.18
2.20
2.44
2.19
2.43
2.53
2.77
2.63
2.48
2.13
2.62
2.35
2.36
2.39
2.24
2.29
2.47
2.20
2.24
2.46
2.29
2.29
2.62
2.47
2.44
2.43
2.43
2.36
2.38
2.35
2.29
2.34
2.87
2.58
2.25
1.84
2.45
2.72
2.56
2.47
2.75
2.31
2.45
2.54
2.44
2.64
1.83
2.67
2.93
3.25
2.47
2.48
2.70
2.43
3.00
2.92
2.20
2.35
2.06
2.17
2.66
2.54
2.39
2.45
2.11
2.26
2.11
2.63
2.13
2.16
2.65
2.80
2.46
2.48
2.35
2.42
2.51
2.54
2.20
2.14
2.87
2.05
2.47
2.77
2.17
1.84
2.56
2.54
2.74
2.75
2.38
2.46
1.94
2.32
2.28
2.43
1.83
2.24
2.33
2.53
2.67
2.36
2.33
2.18
2.07
2.20
2.11
2.66
2.27
2.57
2.36
2.18
2.30
2.46
2.55
2.62
2.49
2.05
2.61
2.58
2.29
2.17
2.54
2.20
2.49
2.18
2.77
2.28
2.29
2.34
2.21
2.05
2.07
2.03
2.21
2.43
1.85
1.87
2.44
2.26
2.43
2.31
2.42
2.07
1.73
2.30
2.20
2.12
2.72
2.08
1.91
2.08
2.42
2.42
1.90
2.25
2.60
2.00
3.04
2.48
2.28
2.30
2.55
2.14
2.41
2.26
2.17
2.31
2.09
2.24
2.28
2.37
2.30
2.14
2.52
1.99
2.32
2.14
2.19
2.25
2.16
2.16
1.89
2.12
2.23
2.23
2.14
2.04
2.24
2.10
2.27
2.18
2.32
2.12
2.10
2.44
2.51
2.35
2.59
2.28
2.18
2.45
2.22
2.27
2.39
1.98
2.68
2.59
2.37
2.24
2.32
2.27
2.47
2.62
2.48
2.16
1.75
2.16
1.94
2.62
2.21
2.32
2.54
2.51
2.56
2.22
2.32
2.36
2.34
2.36
2.57
2.34
2.70
2.38
2.64
2.13
2.20
2.43
2.50
2.46
2.83
2.46
2.71
2.46
2.18
2.20
2.40
2.07
1.98
2.05
2.19
2.33
2.02
2.45
2.20
2.25
2.58
2.72
2.50
2.18
1.90
2.46
2.23
2.63
2.57
2.53
2.16
2.40
2.26
2.60
2.22
2.19
2.33
2.13
2.23
2.58
2.57
2.29
1.91
2.42
2.51
2.27
2.04
2.36
2.47
2.36
2.46
2.27
1.96
2.66
2.51
2.25
2.44
2.38
2.37
2.45
2.43
2.12
2.26
2.51
2.13
2.30
2.18
2.12
2.29
2.41
2.38
2.11
2.18
2.09
2.25
2.05
2.76
2.11
1.97
2.29
2.06
2.32
1.96
2.64
2.26
2.53
2.68
2.52
2.26
2.21
2.23
2.28
2.54
2.14
2.45
2.46
2.09
2.39
2.10
2.18
2.15
2.45
2.16
2.19
2.22
2.13
2.39
2.12
2.22
2.31
2.34
2.08
2.38
2.53
2.27
2.55
2.65
2.14
2.26
1.72
2.24
2.41
2.48
1.83
2.24
2.50
1.89
2.46
2.09
2.31
2.19
2.37
2.32
2.07
2.06
2.50
2.25
2.32
2.31
2.55
2.40
2.76
2.30
2.44
2.53
2.06
2.44
2.41
2.05
2.27
2.30
2.38
2.36
2.10
2.39
2.27
2.50
2.17
2.09
2.17
2.13
2.26
2.67
2.48
2.26
2.05
2.22
2.31
2.65
2.35
2.41
2.15
2.52
2.22
2.25
1.88
2.25
2.44
2.50
2.37
2.35
2.23
2.08
2.22
2.29
2.44
2.58
2.56
2.27
2.35
2.06
2.28
2.63
2.60
2.43
2.70
2.46
2.69
2.31
2.18
2.57
2.46
2.26
2.55
2.25
2.12
2.50
2.44
2.22
2.36
2.45
2.51
2.28
2.42
2.59
2.42
2.05
2.46
2.53
2.65
2.28
2.36
2.61
2.37
2.14
2.49
2.84
2.53
2.57
2.43
2.70
2.24
2.41
2.89
2.63
2.23
2.08
2.78
2.55
2.24
2.58
2.56
2.34
2.55
2.32
2.46
2.48
2.38
2.13
2.25
2.36
2.18
2.24
2.80
2.48
2.28
2.30
1.99
2.36
2.47
2.59
2.26
2.49
2.57
2.49
2.16
2.40
2.41
2.58
2.35
2.52
2.64
3.02
2.63
2.33
2.46
1.95
2.71
2.05
2.09
2.11
2.62
2.38
2.28
2.16
2.41
2.65
2.89
2.35
2.52
2.54
2.47
2.62
2.59
2.34
2.26
2.47
2.67
2.18
2.46
2.28
2.46
2.49
2.01
2.23
2.50
2.44
2.44
2.55
2.46
2.11
2.26
2.29
2.59
2.71
2.37
2.30
2.22
2.65
2.50
2.60
2.69
2.65
2.47
2.85
2.18
2.71
2.62
2.27
2.08
2.41
2.37
2.27
2.62
1.72
2.56
2.66
2.90
2.40
2.00
2.28
2.56
2.51
2.33
2.04
2.09
2.27
2.49
2.14
3.11
2.57
2.38
2.41
2.08
2.04
2.58
2.59
2.45
2.33
2.52
2.06
2.37
2.06
2.14
2.31
2.29
2.32
2.61
2.55
2.85
2.50
2.58
2.34
2.66
2.18
2.23
2.42
2.80
2.40
2.40
1.98
2.16
2.28
2.08
2.12
2.49
2.33
2.37
2.43
2.40
2.15
2.37
2.40
2.87
2.41
2.31
2.27
2.13
2.03
2.06
2.61
2.55
2.26
2.79
2.54
2.39
2.91
2.48
2.61
2.26
2.38
2.43
2.32
2.21
2.56
2.29
2.60
2.43
2.70
2.14
2.68
2.37
2.46
3.19
2.54
3.03
2.86
2.43
2.43
2.22
2.04
2.73
2.40
2.43
2.83
2.35
1.95
2.58
2.62
2.50
2.66
2.01
2.51
2.90
2.93
2.48
2.56
2.51
2.37
2.85
2.54
2.59
2.41
1.92
2.20
2.13
2.64
2.44
2.40
2.33
2.56
2.27
2.20
2.71
1.94
2.44
2.17
2.59
2.13
2.33
3.00
2.56
2.67
2.38
2.55
2.15
2.51
2.67
2.42
2.34
2.27
2.62
1.99
2.78
2.49
2.24
2.68
2.50
2.51
2.36
2.52
2.27
2.68
2.27
2.57
2.49
2.54
2.25
2.38
2.63
2.53
2.22
2.59
2.48
2.40
2.72
2.45
2.64
2.71
2.48
2.29
2.53
2.41
2.47
2.55
2.25
2.30
2.16
2.18
1.66
2.54
2.48
2.36
2.56
2.39
2.57
2.12
2.89
2.57
2.54
2.82
2.71
2.61
2.42
2.42
2.35
2.25
2.31
2.36
2.31
2.14
2.45
2.34
2.02
2.36
2.39
2.42
2.81
1.87
2.29
2.26
2.56
2.87
2.23
2.31
2.29
2.66
2.29
2.43
2.48
2.57
2.34
2.45
2.41
2.14
2.50
2.70
2.44
2.85
3.35
2.24
2.45
2.07
2.57
2.60
2.39
2.35
2.10
2.20
2.53
2.75
2.36
2.51
2.40
2.15
2.31
2.37
2.14
2.37
2.31
2.25
2.23
2.74
2.26
2.86
2.60
2.46
2.19
2.49
2.29
2.52
2.27
2.17
2.33
2.76
2.68
2.18
2.28
2.24
2.23
2.57
2.25
2.51
2.46
2.44
2.62
2.41
2.58
2.34
2.21
2.27
2.48
2.40
2.22
2.48
2.53
2.39
2.37
2.30
2.14
2.03
1.87
2.25
2.26
2.28
2.50
2.27
2.26
2.62
2.48
2.29
2.57
2.44
2.67
2.28
2.12
2.16
2.30
2.05
2.38
2.49
2.37
2.34
2.36
2.62
2.34
2.28
2.32
2.48
2.04
2.10
2.29
2.41
2.45
2.22
2.26
2.33
2.31
2.68
2.56
2.38
2.41
2.52
2.38
2.09
2.02
2.33
2.40
1.90
2.47
1.98
2.37
2.36
2.38
2.19
2.47
2.08
2.07
2.29
2.39
2.34
2.24
2.13
2.22
2.37
2.14
2.12
2.35
2.25
2.44
2.47
2.21
2.44
2.24
1.68
2.42
2.43
2.20
2.45
2.18
2.29
2.32
2.25
2.57
2.25
2.22
2.41
2.41
2.53
2.50
2.14
2.23
2.46
2.07
2.49
2.67
2.27
2.48
2.17
2.46
2.32
2.33
1.91
2.07
2.23
2.08
1.84
2.20
2.19
2.41
2.19
2.35
2.37
2.41
2.34
2.45
2.27
2.52
2.51
2.45
2.40
2.39
2.45
2.59
2.28
2.26
2.40
2.43
2.47
2.34
2.15
2.51
2.50
2.48
2.31
2.44
1.81
2.38
2.45
2.34
2.65
2.33
2.52
2.20
2.35
2.06
2.24
2.20
2.31
2.14
2.18
1.82
2.14
2.16
2.82
2.45
2.25
2.35
2.30
2.42
2.21
2.49
2.48
2.23
2.30
1.88
2.46
2.37
2.23
2.10
2.62
2.59
2.51
2.05
2.32
2.18
2.07
2.41
2.15
2.34
2.23
2.23
2.45
2.31
2.15
2.11
2.17
2.42
2.28
1.84
2.33
2.38
2.71
2.50
2.25
2.36
2.19
2.26
2.25
2.14
2.34
2.52
2.39
2.42
2.45
2.25
2.31
2.54
2.29
2.37
2.57
2.29
1.98
2.17
2.32
2.53
2.30
2.18
2.30
2.05
2.50
2.22
2.42
2.52
2.10
2.28
2.18
2.26
2.35
2.23
2.23
2.27
2.19
2.27
2.53
2.61
2.00
2.32
2.16
1.99
2.49
2.39
2.39
2.22
2.30
2.18
2.26
2.02
2.02
2.23
1.97
2.31
2.74
2.36
2.24
2.27
2.40
2.48
2.19
2.54
2.60
2.32
2.45
2.07
1.94
2.52
2.30
2.42
2.38
2.20
2.38
2.08
2.39
2.37
2.32
2.12
2.52
2.50
2.32
2.46
2.31
2.45
2.28
2.42
2.62
2.08
2.01
2.43
2.28
2.17
2.17
2.45
2.33
2.34
1.94
2.18
2.54
2.26
2.29
2.07
2.26
2.14
2.70
2.30
2.46
1.98
2.12
2.16
2.32
1.77
2.17
2.40
2.65
2.24
2.40
2.60
2.43
2.26
2.52
2.28
2.11
2.13
2.37
2.62
2.25
2.24
2.21
2.46
2.50
2.62
2.33
2.43
2.15
2.54
2.21
2.22
2.30
2.56
2.34
2.05
2.37
2.44
2.42
2.27
2.06
2.33
2.45
2.22
2.62
2.47
2.23
2.18
2.11
2.31
2.55
2.56
2.59
2.29
2.38
2.11
2.07
2.40
2.20
2.37
2.35
2.09
2.53
1.86
3.19
2.50
2.25
2.64
2.52
2.16
2.04
2.57
2.63
2.52
1.99
2.34
2.47
2.15
2.34
2.79
2.54
2.53
2.19
2.08
2.29
2.32
2.24
2.85
2.39
2.17
2.61
2.49
2.52
2.19
2.20
2.43
2.65
2.58
2.73
2.67
2.29
2.33
2.54
3.17
2.26
2.16
2.16
2.31
2.16
2.35
2.36
2.25
1.96
2.33
2.20
2.03
2.24
2.22
2.47
2.04
2.53
2.47
2.33
2.68
1.88
2.20
2.23
2.35
2.29
2.36
2.38
2.28
2.42
2.32
2.04
2.02
2.44
2.19
2.16
2.24
2.44
2.47
2.13
2.30
2.46
2.46
2.37
2.08
2.08
2.43
2.18
2.48
2.39
2.39
2.07
2.09
2.16
2.14
2.38
2.35
2.21
2.57
2.23
2.52
2.62
2.52
2.21
2.50
2.41
2.19
2.40
2.21
2.14
2.19
2.40
2.46
2.33
2.26
2.31
2.27
2.06
1.80
2.22
2.17
2.35
2.05
2.47
2.16
1.93
2.42
2.36
2.26
2.51
2.16
2.24
2.25
2.45
1.99
2.16
2.41
2.26
2.41
2.48
2.28
2.42
2.42
2.79
2.49
2.45
2.45
2.12
2.39
2.50
2.51
2.37
2.18
2.73
2.09
2.41
3.32
2.40
2.04
2.49
2.45
2.04
2.23
2.41
2.25
2.64
3.10
2.40
2.72
2.48
2.29
2.51
2.36
2.39
2.20
2.44
2.30
2.46
2.12
2.80
2.10
2.35
2.28
2.26
2.13
2.17
2.04
2.19
2.21
2.34
2.29
2.34
2.39
2.16
2.07
2.41
2.46
2.41
2.52
2.07
1.97
2.16
2.31
2.22
2.38
2.42
3.00
2.41
2.48
2.29
2.46
2.29
2.59
2.29
2.50
2.19
2.32
2.43
2.54
2.44
2.33
2.18
2.09
2.57
2.56
2.34
2.57
2.15
2.43
1.99
2.51
2.23
2.38
2.58
2.44
2.15
2.56
2.49
2.36
2.22
2.08
3.00
2.43
2.13
2.45
2.28
1.97
2.56
2.60
2.46
2.47
2.90
2.63
2.09
2.33
2.72
2.41
2.60
2.30
2.45
2.32
2.93
2.26
2.51
2.34
3.28
2.84
2.73
2.64
3.01
2.87
2.75
2.86
2.81
2.58
2.69
2.56
2.50
2.67
2.99
3.30
2.76
2.41
2.20
2.48
2.72
2.46
2.41
2.66
2.78
2.61
2.71
2.33
3.06
2.87
2.48
3.09
2.53
2.60
3.11
2.51
2.87
2.56
2.31
2.47
2.43
2.93
3.31
2.32
2.98
2.28
2.82
2.47
2.82
2.32
2.56
3.17
3.03
2.30
2.16
2.59
2.47
2.19
2.75
2.92
2.53
2.54
2.52
2.73
2.45
2.91
2.56
2.81
2.74
2.62
2.84
2.71
2.60
2.74
2.91
2.49
2.54
2.82
2.57
2.72
2.14
2.57
2.62
2.95
2.66
2.83
2.71
2.37
2.73
2.64
2.27
2.65
3.24
2.79
2.69
2.73
2.08
2.57
2.42
2.48
2.43
2.56
3.06
2.71
2.78
2.60
2.71
2.89
2.61
2.82
2.55
2.54
2.95
2.58
2.50
2.60
2.98
2.81
2.38
2.72
3.06
2.66
2.82
2.85
2.81
1.89
2.47
2.65
3.05
2.78
2.68
2.30
2.89
2.20
2.63
2.23
2.75
2.93
2.70
2.49
3.08
2.76
2.29
2.73
2.95
2.94
2.66
2.56
2.57
2.55
2.28
2.81
2.34
2.68
2.51
2.85
2.45
3.03
2.64
2.61
2.57
2.72
2.72
2.83
2.79
3.12
2.65
2.64
2.41
3.48
2.88
2.40
2.38
2.24
2.51
2.41
2.54
2.50
2.99
2.69
2.76
2.54
2.29
2.62
2.79
3.05
2.52
2.60
2.39
2.09
2.54
2.87
3.11
2.44
2.90
2.40
2.65
2.56
2.54
2.51
3.40
2.47
3.04
2.89
3.00
2.42
2.79
2.73
2.88
2.55
2.48
2.67
2.62
2.86
3.08
2.48
2.65
2.45
2.60
2.22
2.33
2.69
2.58
2.90
2.91
2.39
2.48
2.53
2.54
2.53
2.68
2.79
2.57
2.94
2.55
2.49
2.42
2.84
2.82
2.63
2.64
2.59
2.68
3.06
2.59
2.86
2.36
2.68
2.50
3.00
2.78
2.60
2.77
2.48
2.63
2.39
2.48
2.92
2.66
2.67
2.44
2.57
2.72
2.84
2.66
2.99
2.55
2.66
2.96
2.80
2.29
2.55
3.26
2.57
2.18
2.66
2.59
2.93
2.69
2.78
2.46
2.64
2.67
3.06
2.94
2.94
3.01
2.40
2.41
2.90
2.13
2.57
2.27
2.79
2.42
2.77
2.42
2.62
2.81
2.72
2.61
3.15
2.42
3.03
3.33
3.09
3.00
2.86
2.73
2.60
3.21
2.59
3.32
3.13
2.52
2.83
2.40
2.92
2.93
2.49
3.27
2.69
2.70
2.35
2.72
1.83
2.49
2.70
2.54
2.77
2.78
2.17
2.09
2.31
2.47
2.51
2.31
2.41
2.77
2.76
2.68
2.33
2.37
2.86
2.60
3.04
2.62
2.72
2.36
3.31
2.67
3.17
3.04
2.76
2.54
2.72
2.65
3.52
2.72
3.06
2.88
2.85
2.51
2.40
3.14
3.00
3.37
3.11
2.59
2.33
2.80
2.64
2.70
2.63
2.68
2.55
2.47
2.70
3.07
2.74
2.67
3.03
2.90
2.88
2.84
2.68
2.71
2.97
2.64
2.76
2.91
2.27
2.62
2.57
3.04
3.04
2.89
2.51
2.99
2.43
2.05
2.25
2.36
2.07
2.52
2.36
2.74
3.22
2.02
3.07
2.91
3.36
2.75
2.92
3.37
2.19
2.91
2.32
4.00
2.79
2.65
2.65
2.59
2.42
2.96
3.01
2.50
2.89
2.79
2.82
2.50
2.89
2.83
2.93
2.71
2.48
2.68
2.44
2.47
2.80
2.54
2.61
2.54
2.44
3.25
3.08
2.53
2.70
2.84
2.74
2.22
2.82
2.77
2.21
2.47
3.13
2.70
2.92
2.81
2.44
2.57
2.84
3.09
2.86
2.87
1.85
2.74
2.68
2.46
2.91
2.35
2.49
2.85
2.23
2.22
2.47
2.73
2.65
2.76
2.63
2.55
2.42
2.94
1.93
2.75
2.28
2.69
3.19
2.06
2.13
2.40
2.17
2.40
2.28
2.32
2.32
2.70
1.83
2.74
2.42
2.66
2.60
2.39
2.41
2.54
2.56
2.57
2.43
2.49
2.13
2.13
2.12
2.36
2.24
2.77
2.48
2.26
2.28
2.50
3.08
2.46
2.53
2.51
2.35
2.67
2.58
2.57
2.84
2.29
2.41
2.87
2.81
3.53
2.63
3.30
2.60
3.04
3.40
3.25
3.04
2.45
3.04
2.84
2.41
2.25
2.26
2.61
2.03
2.34
2.33
2.25
2.51
2.67
2.71
2.63
2.70
2.79
2.73
3.00
2.61
2.51
2.55
2.94
2.67
2.57
2.69
2.47
2.27
2.65
2.72
2.52
2.76
2.83
2.69
2.80
3.00
2.44
2.26
2.77
2.16
2.87
2.72
2.72
2.42
1.97
2.59
2.55
2.84
2.53
2.39
2.56
2.45
2.53
2.21
2.13
2.27
2.54
2.64
2.13
2.44
2.20
2.31
2.45
2.38
2.55
2.26
2.68
2.58
2.47
2.29
2.76
2.79
2.54
2.25
2.72
2.34
2.48
2.70
2.37
2.55
2.20
2.18
2.30
2.46
2.65
2.54
2.44
2.67
2.69
2.74
3.13
2.38
2.72
2.90
2.72
2.10
2.40
2.73
2.73
2.42
2.53
2.65
3.24
2.67
3.15
2.55
2.81
2.47
2.87
2.67
2.79
2.88
2.61
2.76
2.67
2.29
2.91
2.48
2.61
2.84
2.52
2.32
2.62
2.43
2.21
2.74
2.53
2.21
2.83
2.66
2.38
2.75
2.61
2.66
2.85
2.51
2.67
2.66
2.88
2.46
3.21
2.43
3.45
2.97
2.00
2.93
2.33
2.67
2.74
2.61
2.78
2.47
2.60
2.32
2.64
2.63
2.65
3.03
2.98
3.15
2.59
2.60
2.26
2.71
2.61
2.67
2.85
2.82
3.25
2.29
2.92
3.15
2.42
3.85
2.47
2.29
2.35
2.65
2.46
2.86
2.61
2.53
2.68
2.46
2.54
2.63
2.88
2.02
2.48
3.28
2.72
2.85
2.44
2.76
3.00
2.08
2.45
2.38
2.24
2.34
2.50
2.75
2.19
2.54
2.48
2.46
2.11
2.68
2.50
2.26
2.53
2.60
2.67
2.70
2.60
2.43
2.52
2.58
2.34
2.60
2.12
2.39
2.47
2.29
3.00
2.49
2.45
2.86
2.51
2.77
2.66
2.35
2.22
2.23
2.41
2.36
2.35
2.53
3.06
2.52
2.63
2.61
2.52
2.40
2.81
2.84
3.27
2.57
1.98
2.68
2.98
2.80
2.73
2.65
2.12
2.30
2.57
2.57
2.66
2.90
2.83
2.46
2.52
2.01
2.98
2.29
2.66
2.14
2.40
2.71
2.40
2.60
2.85
3.03
2.55
2.22
3.42
4.00
2.86
2.89
2.35
2.54
2.55
3.13
3.24
2.34
2.70
2.54
2.40
2.90
2.84
3.51
2.75
2.84
2.62
2.55
2.60
2.50
2.90
2.56
2.56
2.18
2.97
2.51
2.73
2.63
2.80
2.10
2.75
2.98
3.63
2.83
2.34
2.95
2.61
2.63
2.37
3.07
2.40
2.88
2.53
2.73
2.55
2.82
2.75
3.10
2.54
2.06
3.06
2.85
3.07
2.29
2.54
2.40
3.15
3.05
2.81
3.13
4.00
2.61
2.60
2.98
2.30
2.69
2.51
2.71
2.96
2.46
2.55
2.44
2.53
2.58
2.84
2.74
2.56
3.24
2.10
3.20
2.68
2.43
2.69
2.69
2.87
2.39
2.71
2.49
2.83
3.05
2.58
2.29
2.82
2.34
2.47
2.71
2.82
2.51
2.39
2.38
2.76
2.38
2.64
2.38
2.54
2.48
2.30
2.21
2.74
2.49
2.59
2.42
2.90
2.46
2.44
2.44
2.83
1.94
2.93
2.88
2.31
2.40
2.56
2.51
2.69
2.85
2.07
2.46
2.52
2.54
2.28
2.06
2.38
2.83
2.76
2.34
2.72
2.57
2.55
2.68
2.11
2.67
2.27
2.45
2.84
2.85
3.02
2.34
2.82
2.69
2.41
2.23
2.28
2.84
2.40
2.57
2.54
2.19
3.21
2.77
2.62
2.57
2.88
2.22
2.35
2.37
2.27
2.72
2.65
2.78
2.97
2.40
2.45
2.44
2.59
2.81
2.74
2.38
2.61
2.81
2.69
2.13
2.49
2.34
2.74
2.38
2.22
2.73
2.80
2.47
2.97
2.63
2.17
2.71
2.49
2.50
2.24
2.89
2.27
2.20
2.63
2.38
2.58
2.89
2.35
2.17
3.04
2.05
2.15
2.40
2.50
2.25
3.02
2.56
1.87
2.42
2.95
2.51
3.06
2.58
3.00
2.77
2.33
2.23
2.38
2.39
2.38
2.38
1.97
2.71
2.33
2.29
2.60
2.70
2.15
2.17
2.56
2.56
2.16
2.09
2.47
2.83
2.90
2.63
2.22
2.57
2.56
2.59
2.83
2.61
2.61
2.69
2.52
2.20
2.79
2.75
2.36
2.22
1.99
2.69
2.53
2.53
2.05
2.60
2.30
2.38
2.42
1.85
2.60
2.45
2.57
2.37
2.35
2.59
1.98
2.26
2.57
2.56
2.57
2.42
2.59
2.19
2.41
2.69
2.28
2.38
2.64
2.83
2.39
2.00
2.45
2.59
2.77
2.83
2.73
2.55
2.64
2.85
2.63
2.97
2.83
2.92
2.73
2.67
2.57
2.56
2.39
2.91
3.10
2.89
3.33
2.50
3.01
2.68
2.80
2.71
2.53
2.43
2.45
2.42
2.36
2.25
2.73
2.17
2.32
2.57
2.72
2.68
2.38
2.35
2.50
2.66
1.78
2.42
2.78
3.00
2.44
2.47
2.54
2.66
2.20
2.64
2.61
2.74
2.75
2.36
3.14
2.60
2.67
2.63
2.43
2.28
2.66
3.00
2.41
3.03
2.60
2.28
2.74
2.54
3.39
2.39
2.70
2.12
2.35
2.97
2.17
3.06
2.41
2.96
2.99
2.78
2.21
2.38
2.50
2.44
2.23
2.01
2.95
2.55
2.10
2.62
2.44
2.09
2.36
2.17
2.43
2.74
2.65
2.60
2.26
2.58
3.83
3.02
2.60
2.79
3.06
2.38
2.33
2.92
3.00
3.01
2.45
2.27
3.39
2.43
2.63
2.83
2.51
